  2.0810000000e-04   1.2204446697e+02   2.6425604805e-12
  1.0973700000e-03   1.2191447356e+02   1.7133956122e-10
  2.7009500000e-03   1.2124524163e+02   1.6357873568e-09
  5.0256000000e-03   1.1938976585e+02   7.7558930873e-09
  8.0806700000e-03   1.1580145604e+02   2.5542440115e-08
  1.1878480000e-02   1.1055089980e+02   6.7281617070e-08
  1.6434430000e-02   1.0440351414e+02   1.5245417184e-07
  2.1767190000e-02   9.8003873933e+01   3.1005658717e-07
  2.7898780000e-02   9.1272743401e+01   5.8145486386e-07
  3.4854860000e-02   8.4017991728e+01   1.0239320831e-06
  4.2664870000e-02   7.6460196373e+01   1.7151324053e-06
  5.1362400000e-02   6.8922787130e+01   2.7586573755e-06
  6.0985410000e-02   6.1546815415e+01   4.2911413758e-06
  7.1576650000e-02   5.4351505611e+01   6.4912252071e-06
  8.3184080000e-02   4.7391188091e+01   9.5909682523e-06
  9.5861320000e-02   4.0793118694e+01   1.3890399397e-05
  1.0966821000e-01   3.4681518994e+01   1.9776115044e-05
  1.2467147000e-01   2.9117794938e+01   2.7745116859e-05
  1.4094539000e-01   2.4111309690e+01   3.8435439676e-05
  1.5857267000e-01   1.9658743226e+01   5.2665633155e-05
  1.7764540000e-01   1.5763546078e+01   7.1485801956e-05
  1.9826613000e-01   1.2426655789e+01   9.6243799933e-05
  2.2054915000e-01   9.6297591656e+00   1.2867142625e-04
  2.4462196000e-01   7.3313955034e+00   1.7099701607e-04
  2.7062694000e-01   5.4766956145e+00   2.2609317647e-04
  2.9872337000e-01   4.0091564197e+00   2.9767142232e-04
  3.2908965000e-01   2.8758200848e+00   3.9053974828e-04
  3.6192602000e-01   2.0261764476e+00   5.1094526179e-04
  3.9745767000e-01   1.4100884470e+00   6.6703204503e-04
  4.3593844000e-01   9.7854090437e-01   8.6945654364e-04
  4.7765510000e-01   6.8672529926e-01   1.1322193457e-03
  5.2293254000e-01   4.9674155196e-01   1.4737964079e-03
  5.7213981000e-01   3.7824846185e-01   1.9186869901e-03
  6.2569745000e-01   3.0749848196e-01   2.4995468305e-03
  6.8408615000e-01   2.6611883647e-01   3.2601495605e-03
  7.4785731000e-01   2.4043223011e-01   4.2595265548e-03
  8.1764569000e-01   2.2112755220e-01   5.5778085247e-03
  8.9418498000e-01   2.0275027044e-01   7.3245294633e-03
  9.7832663000e-01   1.8283298077e-01   9.6505510990e-03
  1.0710632500e+00   1.6088709390e-01   1.2765348188e-02
  1.1735575000e+00   1.3753269534e-01   1.6962329958e-02
  1.2871781400e+00   1.1386964944e-01   2.2656353399e-02
  1.4135453200e+00   9.1053148464e-02   3.0439967308e-02
  1.5545880400e+00   7.0039792263e-02   4.1168833549e-02
  1.7126173600e+00   5.1510950022e-02   5.6093245591e-02
  1.8904208800e+00   3.5926874507e-02   7.7063703330e-02
  2.0913855300e+00   2.3571150894e-02   1.0685737786e-01
  2.3196589900e+00   1.4480275909e-02   1.4970571063e-01
  2.5803641700e+00   8.3374741348e-03   2.1216324934e-01
  2.8798877700e+00   4.5115503203e-03   3.0456820409e-01
  3.2262735700e+00   2.2731256103e-03   4.4355332898e-01
  3.6297662900e+00   1.0233464122e-03   6.5647049158e-01
  4.1035757000e+00   3.7751075618e-04   9.8940165428e-01
  4.6649691000e+00   9.9997036182e-05   1.5221063183e+00
  5.3368640100e+00   1.5884053975e-05   2.3968614132e+00
  6.1502009600e+00   1.1716449132e-06   3.8762311939e+00
  7.1475656100e+00   2.7094832677e-08   6.4637857851e+00
  8.3888727200e+00   1.0402422054e-10   1.1168782510e+01
  9.9605709900e+00   2.2767531738e-14   2.0119378295e+01
  1.1991101150e+01   4.3688217215e-20   3.8077062540e+01
  1.4677978070e+01   2.3559345856e-29   7.6468036342e+01
  1.8337675240e+01   4.4077911556e-45   1.6511748290e+02
  2.3503211590e+01   2.4060026793e-73   3.9031534107e+02
  3.1129691020e+01   0.0000000000e+00   1.0360949542e+03
  4.3069402300e+01   0.0000000000e+00   3.2071619113e+03
  6.3311446350e+01   0.0000000000e+00   1.2284773842e+04
  1.0179852926e+02   0.0000000000e+00   6.4460284065e+04
  1.8941408947e+02   0.0000000000e+00   5.6417249241e+05
  4.6620392404e+02   0.0000000000e+00   1.3137858467e+07
  2.4584359252e+03   0.0000000000e+00   4.3570213977e+09
