  9.7310000000e-05   2.6875479133e-01   0.0000000000e+00
  5.1317000000e-04   2.6875435394e-01   0.0000000000e+00
  1.2630600000e-03   2.6875205911e-01   0.0000000000e+00
  2.3501500000e-03   2.6874529216e-01   0.0000000000e+00
  3.7788100000e-03   2.6873020826e-01   0.0000000000e+00
  5.5548000000e-03   2.6870165770e-01   0.0000000000e+00
  7.6853200000e-03   2.6865308706e-01   2.3746796323e-08
  1.0179110000e-02   2.6857641600e-01   2.3746796323e-08
  1.3046460000e-02   2.6846188916e-01   7.1240388969e-08
  1.6299360000e-02   2.6829790310e-01   9.4987185293e-08
  1.9951610000e-02   2.6807080892e-01   1.6622757426e-07
  2.4018880000e-02   2.6776469203e-01   2.8496155588e-07
  2.8518930000e-02   2.6736113218e-01   4.2744233382e-07
  3.3471780000e-02   2.6683894919e-01   6.6491029705e-07
  3.8899820000e-02   2.6617394267e-01   9.7361864925e-07
  4.4828150000e-02   2.6533863855e-01   1.4248077794e-06
  5.1284740000e-02   2.6430206082e-01   2.0184776875e-06
  5.8300790000e-02   2.6302955427e-01   2.8258687625e-06
  6.5911050000e-02   2.6148269322e-01   3.9419681896e-06
  7.4154190000e-02   2.5961932264e-01   5.3905227654e-06
  8.3073280000e-02   2.5739379092e-01   7.3140132675e-06
  9.2716260000e-02   2.5475744788e-01   9.8311736778e-06
  1.0313659000e-01   2.5165949499e-01   1.3155725163e-05
  1.1439388000e-01   2.4804828534e-01   1.7477642094e-05
  1.2655474000e-01   2.4387317317e-01   2.3129379619e-05
  1.3969362000e-01   2.3908700051e-01   3.0443392886e-05
  1.5389396000e-01   2.3364927150e-01   3.9942111416e-05
  1.6924941000e-01   2.2752999204e-01   5.2242951911e-05
  1.8586527000e-01   2.2071403019e-01   6.8224545836e-05
  2.0386024000e-01   2.1320567220e-01   8.8908005434e-05
  2.2336843000e-01   2.0503280967e-01   1.1578937887e-04
  2.4454176000e-01   1.9624991724e-01   1.5072091626e-04
  2.6755282000e-01   1.8693872133e-01   1.9621977802e-04
  2.9259827000e-01   1.7720532261e-01   2.5561051562e-04
  3.1990289000e-01   1.6717267185e-01   3.3340502038e-04
  3.4972454000e-01   1.5696789848e-01   4.3558748496e-04
  3.8236006000e-01   1.4670522350e-01   5.7039804768e-04
  4.1815254000e-01   1.3646709204e-01   7.4904519642e-04
  4.5750015000e-01   1.2628847402e-01   9.8689310839e-04
  5.0086708000e-01   1.1615119952e-01   1.3054326343e-03
  5.4879702000e-01   1.0599520698e-01   1.7346322310e-03
  6.0193005000e-01   9.5749757774e-02   2.3169274237e-03
  6.6102381000e-01   8.5379108348e-02   3.1129200364e-03
  7.2698038000e-01   7.4926528534e-02   4.2100932669e-03
  8.0088048000e-01   6.4535312485e-02   5.7362998666e-03
  8.8402770000e-01   5.4432853798e-02   7.8808255490e-03
  9.7800589000e-01   4.4881818216e-02   1.0927658251e-02
  1.0847546300e+00   3.6118199371e-02   1.5309488349e-02
  1.2066696000e+00   2.8300253124e-02   2.1696640409e-02
  1.3467374300e+00   2.1488610965e-02   3.1146321804e-02
  1.5087196900e+00   1.5669875183e-02   4.5359468061e-02
  1.6974071700e+00   1.0815582820e-02   6.7133190571e-02
  1.9189772100e+00   6.9333062960e-03   1.0118001732e-01
  2.1815046300e+00   4.0504448591e-03   1.5565645041e-01
  2.4957064700e+00   2.1277991696e-03   2.4511227069e-01
  2.8760516100e+00   9.9686634063e-04   3.9639831321e-01
  3.3424546200e+00   4.0653709110e-04   6.6101159552e-01
  3.9229337500e+00   1.3176215196e-04   1.1421626523e+00
  4.6579154800e+00   2.7437532855e-05   2.0574850300e+00
  5.6074632400e+00   2.5323317529e-06   3.8939068586e+00
  6.8639419700e+00   5.5323937109e-08   7.8199156338e+00
  8.5753458700e+00   8.7687772125e-11   1.6885548807e+01
  1.0990933470e+01   8.5993945086e-16   3.9915148211e+01
  1.4557345130e+01   1.9016691835e-25   1.0595505490e+02
  2.0140776650e+01   5.6168994848e-46   3.2797670812e+02
  2.9606672760e+01   7.0597706322e-96   1.2562882302e+03
  4.7604594710e+01   0.0000000000e+00   6.5919565579e+03
  8.8576731180e+01   0.0000000000e+00   5.7694449612e+04
  2.1801345280e+02   0.0000000000e+00   1.3435279457e+06
  1.1496516372e+03   0.0000000000e+00   4.4556577154e+08
