H  PVDZ     -3
 1  1 3.76671642E+00-2.57967436E+00 0.00000000E+00
 2  1-2.57967436E+00 3.76671643E+00 0.00000000E+00
 3  1 0.00000000E+00 0.00000000E+00 0.00000000E+00

H  PVDZ     -2
 1  1 1.88345937E+00-1.29996402E+00 0.00000000E+00
 2  1-1.29996402E+00 2.89712800E+00 0.00000000E+00
 3  1 0.00000000E+00 0.00000000E+00 0.00000000E+00

H  PVDZ     -1
 1  1 2.07732742E-01 4.84272401E-01 0.00000000E+00
 2  1 4.84272401E-01 1.12894942E+00 0.00000000E+00
 3  1 0.00000000E+00 0.00000000E+00 0.00000000E+00

H  PVDZ      0
 1  1 3.45314223E-01 2.94545461E-01 0.00000000E+00
 2  1 2.94545461E-01 2.51240820E-01 0.00000000E+00
 3  1 0.00000000E+00 0.00000000E+00 0.00000000E+00

C  PVDZ     -3
 1  1 2.01947685E+00-5.27201987E-02-1.65624180E-01 0.00000000E+00 0.00000000E+00
 1  2 1.28789951E-02
 2  1-5.27201987E-02 1.64794326E-01 5.03642187E-01 0.00000000E+00 0.00000000E+00
 2  2-5.95130825E-02
 3  1-1.65624180E-01 5.03642187E-01 1.53923455E+00 0.00000000E+00 0.00000000E+00
 3  2-1.81869231E-01
 4  1 0.00000000E+00 0.00000000E+00 0.00000000E+00 6.43340067E-01 1.36689735E+00
 4  2 0.00000000E+00
 5  1 0.00000000E+00 0.00000000E+00 0.00000000E+00 1.36689735E+00 2.90567250E+00
 5  2 0.00000000E+00
 6  1 1.28789951E-02-5.95130825E-02-1.81869231E-01 0.00000000E+00 0.00000000E+00
 6  2 2.15165566E-02

C  PVDZ     -2
 1  1 2.01158326E+00-4.40768302E-02-1.06815526E-01 0.00000000E+00 0.00000000E+00
 1  2 9.73564957E-04
 2  1-4.40768302E-02 2.38845477E-01 5.44575871E-01 0.00000000E+00 0.00000000E+00
 2  2-4.50299287E-02
 3  1-1.06815526E-01 5.44575871E-01 1.24167157E+00 0.00000000E+00 0.00000000E+00
 3  2-1.02646642E-01
 4  1 0.00000000E+00 0.00000000E+00 0.00000000E+00 7.72475618E-01 1.22035174E+00
 4  2 0.00000000E+00
 5  1 0.00000000E+00 0.00000000E+00 0.00000000E+00 1.22035174E+00 1.93209789E+00
 5  2 0.00000000E+00
 6  1 9.73564957E-04-4.50299287E-02-1.02646642E-01 0.00000000E+00 0.00000000E+00
 6  2 8.52300869E-03

C  PVDZ     -1
 1  1 2.00606594E+00-2.79848646E-02-5.39969698E-02 0.00000000E+00 0.00000000E+00
 1  2-6.68330731E-03
 2  1-2.79848646E-02 3.35337511E-01 5.68323782E-01 0.00000000E+00 0.00000000E+00
 2  2-2.39418295E-02
 3  1-5.39969698E-02 5.68323782E-01 9.63206119E-01 0.00000000E+00 0.00000000E+00
 3  2-4.05477081E-02
 4  1 0.00000000E+00 0.00000000E+00 0.00000000E+00 9.05239526E-01 9.77995717E-01
 4  2 0.00000000E+00
 5  1 0.00000000E+00 0.00000000E+00 0.00000000E+00 9.77995717E-01 1.05659949E+00
 5  2 0.00000000E+00
 6  1-6.68330731E-03-2.39418295E-02-4.05477081E-02 0.00000000E+00 0.00000000E+00
 6  2 1.74696855E-03

C  PVDZ      0
 1  1 2.00274247E+00 2.81159404E-03-5.87659858E-04 0.00000000E+00 0.00000000E+00
 1  2-8.59998378E-03
 2  1 2.81159404E-03 4.95849611E-01 5.78506532E-01 0.00000000E+00 0.00000000E+00
 2  2-5.23842285E-04
 3  1-5.87659858E-04 5.78506532E-01 6.74949629E-01 0.00000000E+00 0.00000000E+00
 3  2-5.94561786E-04
 4  1 0.00000000E+00 0.00000000E+00 0.00000000E+00 8.94886077E-01 6.27095555E-01
 4  2 0.00000000E+00
 5  1 0.00000000E+00 0.00000000E+00 0.00000000E+00 6.27095555E-01 4.39440108E-01
 5  2 0.00000000E+00
 6  1-8.59998378E-03-5.23842285E-04-5.94561786E-04 0.00000000E+00 0.00000000E+00
 6  2 5.05045894E-05

C  PVDZ     +1
 1  1 2.00580404E+00 5.88686697E-02 4.29385272E-02 0.00000000E+00 0.00000000E+00
 1  2-4.99201168E-03
 2  1 5.88686697E-02 7.51793157E-01 5.58571764E-01 0.00000000E+00 0.00000000E+00
 2  2 1.15425242E-02
 3  1 4.29385272E-02 5.58571764E-01 4.15011301E-01 0.00000000E+00 0.00000000E+00
 3  2 8.57829060E-03
 4  1 0.00000000E+00 0.00000000E+00 0.00000000E+00 6.36502181E-01 2.49959489E-01
 4  2 0.00000000E+00
 5  1 0.00000000E+00 0.00000000E+00 0.00000000E+00 2.49959489E-01 9.81610872E-02
 5  2 0.00000000E+00
 6  1-4.99201168E-03 1.15425242E-02 8.57829060E-03 0.00000000E+00 0.00000000E+00
 6  2 2.07708060E-04

C  PVDZ     +2
 1  1 2.01949245E+00 1.48571332E-01 6.69133498E-02 0.00000000E+00 0.00000000E+00
 1  2-3.18747773E-03
 2  1 1.48571332E-01 1.12559454E+00 5.04145701E-01 0.00000000E+00 0.00000000E+00
 2  2-2.30496992E-02
 3  1 6.69133498E-02 5.04145701E-01 2.25803302E-01 0.00000000E+00 0.00000000E+00
 3  2-1.03238213E-02
 4  1 0.00000000E+00 0.00000000E+00 0.00000000E+00 0.00000000E+00 0.00000000E+00
 4  2 0.00000000E+00
 5  1 0.00000000E+00 0.00000000E+00 0.00000000E+00 0.00000000E+00 0.00000000E+00
 5  2 0.00000000E+00
 6  1-3.18747773E-03-2.30496992E-02-1.03238213E-02 0.00000000E+00 0.00000000E+00
 6  2 4.72017639E-04

C  PVDZ     +3
 1  1 2.02205504E+00 1.31686770E-01 3.31899507E-02 0.00000000E+00 0.00000000E+00
 1  2-9.42652020E-03
 2  1 1.31686770E-01 7.97411695E-01 2.10048669E-01 0.00000000E+00 0.00000000E+00
 2  2-6.44036855E-02
 3  1 3.31899507E-02 2.10048669E-01 5.53306885E-02 0.00000000E+00 0.00000000E+00
 3  2-1.69656787E-02
 4  1 0.00000000E+00 0.00000000E+00 0.00000000E+00 0.00000000E+00 0.00000000E+00
 4  2 0.00000000E+00
 5  1 0.00000000E+00 0.00000000E+00 0.00000000E+00 0.00000000E+00 0.00000000E+00
 5  2 0.00000000E+00
 6  1-9.42652020E-03-6.44036855E-02-1.69656787E-02 0.00000000E+00 0.00000000E+00
 6  2 5.20235367E-03

N  PVDZ     -3
 1  1 2.01315803E+00-4.99214955E-02-1.26115137E-01 0.00000000E+00 0.00000000E+00
 1  2 7.67643872E-03
 2  1-4.99214955E-02 2.19636923E-01 5.43165633E-01 0.00000000E+00 0.00000000E+00
 2  2-5.49904791E-02
 3  1-1.26115137E-01 5.43165633E-01 1.34326085E+00 0.00000000E+00 0.00000000E+00
 3  2-1.35985933E-01
 4  1 0.00000000E+00 0.00000000E+00 0.00000000E+00 1.03881029E+00 1.79166397E+00
 4  2 0.00000000E+00
 5  1 0.00000000E+00 0.00000000E+00 0.00000000E+00 1.79166397E+00 3.09013092E+00
 5  2 0.00000000E+00
 6  1 7.67643872E-03-5.49904791E-02-1.35985933E-01 0.00000000E+00 0.00000000E+00
 6  2 1.37795792E-02

N  PVDZ     -2
 1  1 2.00795333E+00-3.90666068E-02-8.08569612E-02 0.00000000E+00 0.00000000E+00
 1  2-4.29199345E-04
 2  1-3.90666068E-02 2.91346737E-01 5.68474344E-01 0.00000000E+00 0.00000000E+00
 2  2-4.02840362E-02
 3  1-8.08569612E-02 5.68474344E-01 1.10921510E+00 0.00000000E+00 0.00000000E+00
 3  2-7.85885353E-02
 4  1 0.00000000E+00 0.00000000E+00 0.00000000E+00 1.17368761E+00 1.59263051E+00
 4  2 0.00000000E+00
 5  1 0.00000000E+00 0.00000000E+00 0.00000000E+00 1.59263051E+00 2.16310692E+00
 5  2 0.00000000E+00
 6  1-4.29199345E-04-4.02840362E-02-7.85885353E-02 0.00000000E+00 0.00000000E+00
 6  2 5.59241820E-03

N  PVDZ     -1
 1  1 2.00436466E+00-2.22795259E-02-3.90288405E-02 0.00000000E+00 0.00000000E+00
 1  2-5.56742847E-03
 2  1-2.22795259E-02 3.82824775E-01 5.82150425E-01 0.00000000E+00 0.00000000E+00
 2  2-2.17984690E-02
 3  1-3.90288405E-02 5.82150425E-01 8.85272341E-01 0.00000000E+00 0.00000000E+00
 3  2-3.31307209E-02
 4  1 0.00000000E+00 0.00000000E+00 0.00000000E+00 1.29581983E+00 1.31244083E+00
 4  2 0.00000000E+00
 5  1 0.00000000E+00 0.00000000E+00 0.00000000E+00 1.31244083E+00 1.33358055E+00
 5  2 0.00000000E+00
 6  1-5.56742847E-03-2.17984690E-02-3.31307209E-02 0.00000000E+00 0.00000000E+00
 6  2 1.27092609E-03

N  PVDZ      0
 1  1 2.00292920E+00 2.88843565E-03-1.14543985E-03 0.00000000E+00 0.00000000E+00
 1  2-7.43652675E-03
 2  1 2.88843565E-03 5.03908641E-01 5.82115729E-01 0.00000000E+00 0.00000000E+00
 2  2-1.34014075E-03
 3  1-1.14543985E-03 5.82115729E-01 6.72470661E-01 0.00000000E+00 0.00000000E+00
 3  2-1.53150740E-03
 4  1 0.00000000E+00 0.00000000E+00 0.00000000E+00 1.37792121E+00 9.39654678E-01
 4  2 0.00000000E+00
 5  1 0.00000000E+00 0.00000000E+00 0.00000000E+00 9.39654678E-01 6.40784759E-01
 5  2 0.00000000E+00
 6  1-7.43652675E-03-1.34014075E-03-1.53150740E-03 0.00000000E+00 0.00000000E+00
 6  2 3.11178348E-05

N  PVDZ     +1
 1  1 2.00469322E+00 4.62963551E-02 3.54948694E-02 0.00000000E+00 0.00000000E+00
 1  2-4.88999333E-03
 2  1 4.62963551E-02 7.02295353E-01 5.66454177E-01 0.00000000E+00 0.00000000E+00
 2  2 1.18196117E-02
 3  1 3.54948694E-02 5.66454177E-01 4.56889725E-01 0.00000000E+00 0.00000000E+00
 3  2 9.53863854E-03
 4  1 0.00000000E+00 0.00000000E+00 0.00000000E+00 1.21191822E+00 5.31465667E-01
 4  2 0.00000000E+00
 5  1 0.00000000E+00 0.00000000E+00 0.00000000E+00 5.31465667E-01 2.33065028E-01
 5  2 0.00000000E+00
 6  1-4.88999333E-03 1.18196117E-02 9.53863854E-03 0.00000000E+00 0.00000000E+00
 6  2 2.23288800E-04

N  PVDZ     +2
 1  1 2.01325636E+00 1.13323939E-01 6.04735440E-02 0.00000000E+00 0.00000000E+00
 1  2-1.49839425E-03
 2  1 1.13323939E-01 9.85437520E-01 5.25304592E-01 0.00000000E+00 0.00000000E+00
 2  2-1.45341267E-04
 3  1 6.04735440E-02 5.25304592E-01 2.80022742E-01 0.00000000E+00 0.00000000E+00
 3  2-7.75242804E-05
 4  1 0.00000000E+00 0.00000000E+00 0.00000000E+00 7.57329923E-01 1.87785735E-01
 4  2 0.00000000E+00
 5  1 0.00000000E+00 0.00000000E+00 0.00000000E+00 1.87785735E-01 4.65629065E-02
 5  2 0.00000000E+00
 6  1-1.49839425E-03-1.45341267E-04-7.75242804E-05 0.00000000E+00 0.00000000E+00
 6  2 8.62717295E-06

N  PVDZ     +3
 1  1 2.02996674E+00 2.03350299E-01 7.06021498E-02 0.00000000E+00 0.00000000E+00
 1  2-4.89785324E-03
 2  1 2.03350299E-01 1.34411704E+00 4.65820267E-01 0.00000000E+00 0.00000000E+00
 2  2-6.12386372E-02
 3  1 7.06021498E-02 4.65820267E-01 1.61435743E-01 0.00000000E+00 0.00000000E+00
 3  2-2.12227209E-02
 4  1 0.00000000E+00 0.00000000E+00 0.00000000E+00 0.00000000E+00 0.00000000E+00
 4  2 0.00000000E+00
 5  1 0.00000000E+00 0.00000000E+00 0.00000000E+00 0.00000000E+00 0.00000000E+00
 5  2 0.00000000E+00
 6  1-4.89785324E-03-6.12386372E-02-2.12227209E-02 0.00000000E+00 0.00000000E+00
 6  2 2.79960126E-03
